     0               0
     0.025           0.0000391
     0.05            0.000234
     7.500000E-02    7.031250E-04
     0.100000        1.666667E-03
     0.125000        2.230903E-03
     0.150000        4.548611E-03
     0.175000        5.390625E-03
     0.200000        7.708334E-03
     0.225000        8.074653E-03
     0.250000        9.444445E-03
     0.275000        9.699654E-03
     0.300000        1.156945E-02
     0.325000        1.272570E-02
     0.350000        1.662153E-02
     0.375000        1.869445E-02
     0.400000        2.400695E-02
     0.425000        2.637153E-02
     0.450000        3.185069E-02
     0.475000        3.388194E-02
     0.500000        3.827778E-02
     0.525000        3.940104E-02
     0.550000        4.191666E-02
     0.575000        4.226215E-02
     0.600000        4.361111E-02
