     0               0
     0.025           0.003125
     0.05            0.0125
     7.500000E-02    2.812500E-02
     0.100000        5.000000E-02
     0.125000        5.520834E-02
     0.150000        7.500000E-02
     0.175000        6.354167E-02
     0.200000        5.000000E-02
     0.225000        3.145833E-02
     0.250000        3.250000E-02
     0.275000        3.562500E-02
     0.300000        8.000001E-02
     0.325000        9.625000E-02
     0.350000        0.141250
     0.375000        0.145000
     0.400000        0.165000
     0.425000        0.156250
     0.450000        0.151250
     0.475000        0.130000
     0.500000        0.100000
     0.525000        7.229166E-02
     0.550000        4.750001E-02
     0.575000        3.145833E-02
     0.600000        3.000001E-02
